$readmemb(instructionMemory.list): Not enough words in the read file for requested range.
inst_Add   instruction      dataIn regA   regB  memAddress   controlLines clk reset PC  nextInstruct memDout Z  N    IN  OUT
   0       0000000000000000    0     0    0        0           001100       0   1    1     2          0      x  x     x     x
   0       0000000000000000    0     0    0        0           001100       1   1    1     2          0      x  x     x     x
   0       0000000000000000    0     0    0        0           001100       0   0    1     2          0      x  x     0     x
   2       1111000000001111   15     0    0        0           000100       1   0    1     4          0      x  x     0     x
   2       1111000000001111   15    15   15        0           000100       0   0    1     4          0      x  x     0     x
   4       1111010000001010   10     0   15        0           000100       1   0    1     6          0      x  x     0     x
   4       1111010000001010   10    10   15        0           000100       0   0    1     6          0      x  x     0     x
   6       0001000100000000   25    15   10        0           001100       1   0    1     8          0      0  0     0     x
   6       0001000100000000   35    25   10        0           001100       0   0    1     8          0      0  0     0     x
   8       0010000100000000   15    25   10        0           001100       1   0    1    10          0      0  0     0     x
   8       0010000100000000    5    15   10        0           001100       0   0    1    10          0      0  0     0     x
  10       1111100011111111  255     0   15        0           000100       1   0    1    12          0      0  0     0     x
  10       1111100011111111  255   255   15        0           000100       0   0    1    12          0      0  0     0     x
  12       1111110000000001    1     0   15        0           000100       1   0    1    14          0      0  0     0     x
  12       1111110000000001    1     1   15        0           000100       0   0    1    14          0      0  0     0     x
  14       0011001000000000  240    15  255        0           001100       1   0    1    16          0      0  1     0     x
  14       0011001000000000   15   240  255        0           001100       0   0    1    16          0      0  0     0     x
  16       0001001100000000  241   240    1        0           001100       1   0    1    18          0      0  1     0     x
  16       0001001100000000  242   241    1        0           001100       0   0    1    18          0      0  1     0     x
  18       1110000000000000    0   241  241        0           000100       1   0    1    20          0      0  1     0     x
  18       1110000000000000    0   241  241        0           000100       0   0    1    20        241      0  1     0     x
  20       1101010000000000  241    10  241        0           011100       1   0    1    22        241      0  1     0     x
  20       1101010000000000  241   241  241        0           011100       0   0    1    22        241      0  1     0     x
  22       0100000000000000  226   241  241        0           001100       1   0    1    24        241      1  0     0     x
  22       0100000000000000  196   226  226        0           001100       0   0    1    24        241      1  0     0     x
  24       0101000000000000  113   226  226        0           001100       1   0    1    26        241      0  0     0     x
  24       0101000000000000   56   113  113        0           001100       0   0    1    26        241      1  0     0     x
  26       1000000100000000  241   113  241        0           001100       1   0    1    28        241      1  0     0     x
  26       1000000100000000  241   241  241        0           001100       0   0    1    28        241      1  0     0     x
  28       0110000000000000    0   241  241        0           0001x0       1   0    1    30        241      1  0     0     x
  28       0110000000000000    0   241  241        0           0001x0       0   0    1    30        241      1  0     0   241
  30       0111000000000000    0   241  241        0           001110       1   0    1    32        241      1  0     0   241
  30       0111000000000000    0     0    0        0           001110       0   0    1    32        241      0  0     0   241
  32       1111000000001010   10     0    0        0           000100       1   0    1    34          0      0  0     0   241
  32       1111000000001010   10    10   10        0           000100       0   0    1    34          0      0  0     0   241
  34       1111010000000010    2   241   10        0           000100       1   0    1    36          0      1  0     0   241
  34       1111010000000010    2     2   10        0           000100       0   0    1    36          0      0  0     0   241
  36       0010000100000000    8    10    2        0           001100       1   0    1    38        241      0  0     0   241
  36       0010000100000000    6     8    2        0           001100       0   0    1    38        241      0  0     0   241
  38       1010000000101010   42     8    8        0           100101       1   0    0    40          0      0  0     0   241
  38       1010000000101010   42     8    8        0           100101       0   0    0    40          0      0  0     0   241
  40       1001000000100100   36     8    8        0           000101       1   0    1    42          0      0  0     0   241
  40       1001000000100100   36     8    8        0           000101       0   0    1    42          0      0  0     0   241
  36       0010000100000000    6     8    2        0           001100       1   0    1    38        241      0  0     0   241
  36       0010000100000000    4     6    2        0           001100       0   0    1    38        241      0  0     0   241
  38       1010000000101010   42     6    6        0           100101       1   0    0    40          0      0  0     0   241
  38       1010000000101010   42     6    6        0           100101       0   0    0    40          0      0  0     0   241
  40       1001000000100100   36     6    6        0           000101       1   0    1    42          0      0  0     0   241
  40       1001000000100100   36     6    6        0           000101       0   0    1    42          0      0  0     0   241
  36       0010000100000000    4     6    2        0           001100       1   0    1    38        241      0  0     0   241
  36       0010000100000000    2     4    2        0           001100       0   0    1    38        241      0  0     0   241
  38       1010000000101010   42     4    4        0           100101       1   0    0    40          0      0  0     0   241
  38       1010000000101010   42     4    4        0           100101       0   0    0    40          0      0  0     0   241
  40       1001000000100100   36     4    4        0           000101       1   0    1    42          0      0  0     0   241
  40       1001000000100100   36     4    4        0           000101       0   0    1    42          0      0  0     0   241
  36       0010000100000000    2     4    2        0           001100       1   0    1    38        241      0  0     0   241
  36       0010000100000000    0     2    2        0           001100       0   0    1    38        241      1  0     0   241
  38       1010000000101010   42     2    2        0           100101       1   0    0    40          0      0  0     0   241
  38       1010000000101010   42     2    2        0           100101       0   0    0    40          0      0  0     0   241
  40       1001000000100100   36     2    2        0           000101       1   0    1    42          0      0  0     0   241
  40       1001000000100100   36     2    2        0           000101       0   0    1    42          0      0  0     0   241
  36       0010000100000000    0     2    2        0           001100       1   0    1    38        241      1  0     0   241
  36       0010000100000000  254     0    2        0           001100       0   0    1    38        241      0  1     0   241
  38       1010000000101010   42     0    0        0           100101       1   0    0    40          0      1  0     0   241
  38       1010000000101010   42     0    0        0           100101       0   0    0    40          0      1  0     0   241
  42       1111000000001010   10     0    0        0           000100       1   0    1    44          0      1  0     0   241
  42       1111000000001010   10    10   10        0           000100       0   0    1    44          0      0  0     0   241
  44       1111010000000011    3     2   10        0           000100       1   0    1    46          0      0  0     0   241
  44       1111010000000011    3     3   10        0           000100       0   0    1    46          0      0  0     0   241
  46       0010000100000000    7    10    3        0           001100       1   0    1    48        241      0  0     0   241
  46       0010000100000000    4     7    3        0           001100       0   0    1    48        241      0  0     0   241
  48       1010100000110100   52   255    7        0           000101       1   0    0    50          0      0  0     0   241
  48       1010100000110100   52   255    7        0           000101       0   0    0    50          0      0  0     0   241
  50       1001000000101110   46     7    7        0           000101       1   0    1    52          0      0  0     0   241
  50       1001000000101110   46     7    7        0           000101       0   0    1    52          0      0  0     0   241
  46       0010000100000000    4     7    3        0           001100       1   0    1    48        241      0  0     0   241
  46       0010000100000000    1     4    3        0           001100       0   0    1    48        241      0  0     0   241
  48       1010100000110100   52   255    4        0           000101       1   0    0    50          0      0  0     0   241
  48       1010100000110100   52   255    4        0           000101       0   0    0    50          0      0  0     0   241
  50       1001000000101110   46     4    4        0           000101       1   0    1    52          0      0  0     0   241
  50       1001000000101110   46     4    4        0           000101       0   0    1    52          0      0  0     0   241
  46       0010000100000000    1     4    3        0           001100       1   0    1    48        241      0  0     0   241
  46       0010000100000000  254     1    3        0           001100       0   0    1    48        241      0  1     0   241
  48       1010100000110100   52   255    1        0           000101       1   0    0    50          0      0  0     0   241
  48       1010100000110100   52   255    1        0           000101       0   0    0    50          0      0  0     0   241
  50       1001000000101110   46     1    1        0           000101       1   0    1    52          0      0  0     0   241
  50       1001000000101110   46     1    1        0           000101       0   0    1    52          0      0  0     0   241
  46       0010000100000000  254     1    3        0           001100       1   0    1    48        241      0  1     0   241
  46       0010000100000000  251   254    3        0           001100       0   0    1    48        241      0  1     0   241
  48       1010100000110100   52   255  254        0           000101       1   0    0    50          0      0  1     0   241
  48       1010100000110100   52   255  254        0           000101       0   0    0    50          0      0  1     0   241
  52       1111000011111111  255   254  254        0           000100       1   0    1    54          0      0  1     0   241
  52       1111000011111111  255   255  255        0           000100       0   0    1    54          0      0  1     0   241
  54       1001000001000010   66   255  255        0           000101       1   0    1    56          0      0  1     0   241
  54       1001000001000010   66   255  255        0           000101       0   0    1    56          0      0  1     0   241
  66       1011000000111000   56   255  255        0           000101       1   0    1    68          0      0  1     0   241
  66       1011000000111000   56   255  255        0           000101       0   0    1    68          0      0  1     0   241
  56       1111000010001001  137   255  255        0           000100       1   0    1    58          0      0  1     0   241
  56       1111000010001001  137   137  137        0           000100       0   0    1    58          0      0  1     0   241
  58       1111010010001001  137     3  137        0           000100       1   0    1    60          0      0  1     0   241
  58       1111010010001001  137   137  137        0           000100       0   0    1    60          0      0  1     0   241
  60       1111100010001001  137   255  137        0           000100       1   0    1    62          0      0  1     0   241
  60       1111100010001001  137   137  137        0           000100       0   0    1    62          0      0  1     0   241
  62       1111110010001001  137     1  137        0           000100       1   0    1    64          0      0  1     0   241
  62       1111110010001001  137   137  137        0           000100       0   0    1    64          0      0  1     0   241
  64       1100000000000000    0   137  137        0           000000       1   0    1    66        241      0  1     0   241
  64       1100000000000000    0   137  137        0           000000       0   0    1    66        241      0  1     0   241
  68       1111000011111111  255   137  137        0           000100       1   0    1    70          0      0  1     0   241
  68       1111000011111111  255   255  255        0           000100       0   0    1    70          0      0  1     0   241
  70       1011000000111000   56   255  255        0           000101       1   0    1    72          0      0  1     0   241
  70       1011000000111000   56   255  255        0           000101       0   0    1    72          0      0  1     0   241
  56       1111000010001001  137   255  255        0           000100       1   0    1    58          0      0  1     0   241
  56       1111000010001001  137   137  137        0           000100       0   0    1    58          0      0  1     0   241
  58       1111010010001001  137   137  137        0           000100       1   0    1    60          0      0  1     0   241
  58       1111010010001001  137   137  137        0           000100       0   0    1    60          0      0  1     0   241
  60       1111100010001001  137   137  137        0           000100       1   0    1    62          0      0  1     0   241
  60       1111100010001001  137   137  137        0           000100       0   0    1    62          0      0  1     0   241
  62       1111110010001001  137   137  137        0           000100       1   0    1    64          0      0  1     0   241
  62       1111110010001001  137   137  137        0           000100       0   0    1    64          0      0  1     0   241
  64       1100000000000000    0   137  137        0           000000       1   0    1    66        241      0  1     0   241
  64       1100000000000000    0   137  137        0           000000       0   0    1    66        241      0  1     0   241
  72       1111010011111111  255   137  137        0           000100       1   0    1    74          0      0  1     0   241
  72       1111010011111111  255   255  137        0           000100       0   0    1    74          0      0  1     0   241
  74       xxxxxxxxxxxxxxxx    x     x    x        0           000100       1   0    1    76          x      x  x     0   241
  74       xxxxxxxxxxxxxxxx    x     x    x        0           000100       0   0    1    76          x      x  x     0   241
  76       xxxxxxxxxxxxxxxx    x     x    x        0           000100       1   0    1    78          x      x  x     0   241
  76       xxxxxxxxxxxxxxxx    x     x    x        0           000100       0   0    1    78          x      x  x     0   241
  78       xxxxxxxxxxxxxxxx    x     x    x        0           000100       1   0    1    80          x      x  x     0   241
  78       xxxxxxxxxxxxxxxx    x     x    x        0           000100       0   0    1    80          x      x  x     0   241
  80       xxxxxxxxxxxxxxxx    x     x    x        0           000100       1   0    1    82          x      x  x     0   241
  80       xxxxxxxxxxxxxxxx    x     x    x        0           000100       0   0    1    82          x      x  x     0   241
  82       xxxxxxxxxxxxxxxx    x     x    x        0           000100       1   0    1    84          x      x  x     0   241
  82       xxxxxxxxxxxxxxxx    x     x    x        0           000100       0   0    1    84          x      x  x     0   241
  84       xxxxxxxxxxxxxxxx    x     x    x        0           000100       1   0    1    86          x      x  x     0   241
  84       xxxxxxxxxxxxxxxx    x     x    x        0           000100       0   0    1    86          x      x  x     0   241
  86       xxxxxxxxxxxxxxxx    x     x    x        0           000100       1   0    1    88          x      x  x     0   241
  86       xxxxxxxxxxxxxxxx    x     x    x        0           000100       0   0    1    88          x      x  x     0   241
  88       xxxxxxxxxxxxxxxx    x     x    x        0           000100       1   0    1    90          x      x  x     0   241
  88       xxxxxxxxxxxxxxxx    x     x    x        0           000100       0   0    1    90          x      x  x     0   241
  90       xxxxxxxxxxxxxxxx    x     x    x        0           000100       1   0    1    92          x      x  x     0   241
  90       xxxxxxxxxxxxxxxx    x     x    x        0           000100       0   0    1    92          x      x  x     0   241
  92       xxxxxxxxxxxxxxxx    x     x    x        0           000100       1   0    1    94          x      x  x     0   241
Register 0 : 10001001
Register 1 : 11111111
Register 2 : 10001001
Register 3 : 10001001
